{
 "cells": [
  {
   "cell_type": "code",
   "execution_count": 287,
   "id": "5e9247b1",
   "metadata": {},
   "outputs": [],
   "source": [
    "import numpy as np\n",
    "import matplotlib.pyplot as plt\n",
    "import pandas as pd\n",
    "df = pd.read_csv(\"train.csv\")"
   ]
  },
  {
   "cell_type": "code",
   "execution_count": 288,
   "id": "fdb09648",
   "metadata": {},
   "outputs": [
    {
     "data": {
      "text/html": [
       "<div>\n",
       "<style scoped>\n",
       "    .dataframe tbody tr th:only-of-type {\n",
       "        vertical-align: middle;\n",
       "    }\n",
       "\n",
       "    .dataframe tbody tr th {\n",
       "        vertical-align: top;\n",
       "    }\n",
       "\n",
       "    .dataframe thead th {\n",
       "        text-align: right;\n",
       "    }\n",
       "</style>\n",
       "<table border=\"1\" class=\"dataframe\">\n",
       "  <thead>\n",
       "    <tr style=\"text-align: right;\">\n",
       "      <th></th>\n",
       "      <th>PassengerId</th>\n",
       "      <th>Survived</th>\n",
       "      <th>Pclass</th>\n",
       "      <th>Name</th>\n",
       "      <th>Sex</th>\n",
       "      <th>Age</th>\n",
       "      <th>SibSp</th>\n",
       "      <th>Parch</th>\n",
       "      <th>Ticket</th>\n",
       "      <th>Fare</th>\n",
       "      <th>Cabin</th>\n",
       "      <th>Embarked</th>\n",
       "    </tr>\n",
       "  </thead>\n",
       "  <tbody>\n",
       "    <tr>\n",
       "      <th>0</th>\n",
       "      <td>1</td>\n",
       "      <td>0</td>\n",
       "      <td>3</td>\n",
       "      <td>Braund, Mr. Owen Harris</td>\n",
       "      <td>male</td>\n",
       "      <td>22.0</td>\n",
       "      <td>1</td>\n",
       "      <td>0</td>\n",
       "      <td>A/5 21171</td>\n",
       "      <td>7.2500</td>\n",
       "      <td>NaN</td>\n",
       "      <td>S</td>\n",
       "    </tr>\n",
       "    <tr>\n",
       "      <th>1</th>\n",
       "      <td>2</td>\n",
       "      <td>1</td>\n",
       "      <td>1</td>\n",
       "      <td>Cumings, Mrs. John Bradley (Florence Briggs Th...</td>\n",
       "      <td>female</td>\n",
       "      <td>38.0</td>\n",
       "      <td>1</td>\n",
       "      <td>0</td>\n",
       "      <td>PC 17599</td>\n",
       "      <td>71.2833</td>\n",
       "      <td>C85</td>\n",
       "      <td>C</td>\n",
       "    </tr>\n",
       "    <tr>\n",
       "      <th>2</th>\n",
       "      <td>3</td>\n",
       "      <td>1</td>\n",
       "      <td>3</td>\n",
       "      <td>Heikkinen, Miss. Laina</td>\n",
       "      <td>female</td>\n",
       "      <td>26.0</td>\n",
       "      <td>0</td>\n",
       "      <td>0</td>\n",
       "      <td>STON/O2. 3101282</td>\n",
       "      <td>7.9250</td>\n",
       "      <td>NaN</td>\n",
       "      <td>S</td>\n",
       "    </tr>\n",
       "    <tr>\n",
       "      <th>3</th>\n",
       "      <td>4</td>\n",
       "      <td>1</td>\n",
       "      <td>1</td>\n",
       "      <td>Futrelle, Mrs. Jacques Heath (Lily May Peel)</td>\n",
       "      <td>female</td>\n",
       "      <td>35.0</td>\n",
       "      <td>1</td>\n",
       "      <td>0</td>\n",
       "      <td>113803</td>\n",
       "      <td>53.1000</td>\n",
       "      <td>C123</td>\n",
       "      <td>S</td>\n",
       "    </tr>\n",
       "    <tr>\n",
       "      <th>4</th>\n",
       "      <td>5</td>\n",
       "      <td>0</td>\n",
       "      <td>3</td>\n",
       "      <td>Allen, Mr. William Henry</td>\n",
       "      <td>male</td>\n",
       "      <td>35.0</td>\n",
       "      <td>0</td>\n",
       "      <td>0</td>\n",
       "      <td>373450</td>\n",
       "      <td>8.0500</td>\n",
       "      <td>NaN</td>\n",
       "      <td>S</td>\n",
       "    </tr>\n",
       "  </tbody>\n",
       "</table>\n",
       "</div>"
      ],
      "text/plain": [
       "   PassengerId  Survived  Pclass  \\\n",
       "0            1         0       3   \n",
       "1            2         1       1   \n",
       "2            3         1       3   \n",
       "3            4         1       1   \n",
       "4            5         0       3   \n",
       "\n",
       "                                                Name     Sex   Age  SibSp  \\\n",
       "0                            Braund, Mr. Owen Harris    male  22.0      1   \n",
       "1  Cumings, Mrs. John Bradley (Florence Briggs Th...  female  38.0      1   \n",
       "2                             Heikkinen, Miss. Laina  female  26.0      0   \n",
       "3       Futrelle, Mrs. Jacques Heath (Lily May Peel)  female  35.0      1   \n",
       "4                           Allen, Mr. William Henry    male  35.0      0   \n",
       "\n",
       "   Parch            Ticket     Fare Cabin Embarked  \n",
       "0      0         A/5 21171   7.2500   NaN        S  \n",
       "1      0          PC 17599  71.2833   C85        C  \n",
       "2      0  STON/O2. 3101282   7.9250   NaN        S  \n",
       "3      0            113803  53.1000  C123        S  \n",
       "4      0            373450   8.0500   NaN        S  "
      ]
     },
     "execution_count": 288,
     "metadata": {},
     "output_type": "execute_result"
    }
   ],
   "source": [
    "df.head()"
   ]
  },
  {
   "cell_type": "code",
   "execution_count": 289,
   "id": "a38ea13c",
   "metadata": {},
   "outputs": [
    {
     "data": {
      "text/html": [
       "<div>\n",
       "<style scoped>\n",
       "    .dataframe tbody tr th:only-of-type {\n",
       "        vertical-align: middle;\n",
       "    }\n",
       "\n",
       "    .dataframe tbody tr th {\n",
       "        vertical-align: top;\n",
       "    }\n",
       "\n",
       "    .dataframe thead th {\n",
       "        text-align: right;\n",
       "    }\n",
       "</style>\n",
       "<table border=\"1\" class=\"dataframe\">\n",
       "  <thead>\n",
       "    <tr style=\"text-align: right;\">\n",
       "      <th></th>\n",
       "      <th>PassengerId</th>\n",
       "      <th>Survived</th>\n",
       "      <th>Pclass</th>\n",
       "      <th>Name</th>\n",
       "      <th>Sex</th>\n",
       "      <th>Age</th>\n",
       "      <th>SibSp</th>\n",
       "      <th>Parch</th>\n",
       "      <th>Ticket</th>\n",
       "      <th>Fare</th>\n",
       "      <th>Cabin</th>\n",
       "      <th>Embarked</th>\n",
       "    </tr>\n",
       "  </thead>\n",
       "  <tbody>\n",
       "    <tr>\n",
       "      <th>0</th>\n",
       "      <td>1</td>\n",
       "      <td>0</td>\n",
       "      <td>3</td>\n",
       "      <td>Braund, Mr. Owen Harris</td>\n",
       "      <td>0</td>\n",
       "      <td>22.0</td>\n",
       "      <td>1</td>\n",
       "      <td>0</td>\n",
       "      <td>A/5 21171</td>\n",
       "      <td>7.2500</td>\n",
       "      <td>NaN</td>\n",
       "      <td>S</td>\n",
       "    </tr>\n",
       "    <tr>\n",
       "      <th>1</th>\n",
       "      <td>2</td>\n",
       "      <td>1</td>\n",
       "      <td>1</td>\n",
       "      <td>Cumings, Mrs. John Bradley (Florence Briggs Th...</td>\n",
       "      <td>1</td>\n",
       "      <td>38.0</td>\n",
       "      <td>1</td>\n",
       "      <td>0</td>\n",
       "      <td>PC 17599</td>\n",
       "      <td>71.2833</td>\n",
       "      <td>C85</td>\n",
       "      <td>C</td>\n",
       "    </tr>\n",
       "    <tr>\n",
       "      <th>2</th>\n",
       "      <td>3</td>\n",
       "      <td>1</td>\n",
       "      <td>3</td>\n",
       "      <td>Heikkinen, Miss. Laina</td>\n",
       "      <td>1</td>\n",
       "      <td>26.0</td>\n",
       "      <td>0</td>\n",
       "      <td>0</td>\n",
       "      <td>STON/O2. 3101282</td>\n",
       "      <td>7.9250</td>\n",
       "      <td>NaN</td>\n",
       "      <td>S</td>\n",
       "    </tr>\n",
       "    <tr>\n",
       "      <th>3</th>\n",
       "      <td>4</td>\n",
       "      <td>1</td>\n",
       "      <td>1</td>\n",
       "      <td>Futrelle, Mrs. Jacques Heath (Lily May Peel)</td>\n",
       "      <td>1</td>\n",
       "      <td>35.0</td>\n",
       "      <td>1</td>\n",
       "      <td>0</td>\n",
       "      <td>113803</td>\n",
       "      <td>53.1000</td>\n",
       "      <td>C123</td>\n",
       "      <td>S</td>\n",
       "    </tr>\n",
       "    <tr>\n",
       "      <th>4</th>\n",
       "      <td>5</td>\n",
       "      <td>0</td>\n",
       "      <td>3</td>\n",
       "      <td>Allen, Mr. William Henry</td>\n",
       "      <td>0</td>\n",
       "      <td>35.0</td>\n",
       "      <td>0</td>\n",
       "      <td>0</td>\n",
       "      <td>373450</td>\n",
       "      <td>8.0500</td>\n",
       "      <td>NaN</td>\n",
       "      <td>S</td>\n",
       "    </tr>\n",
       "  </tbody>\n",
       "</table>\n",
       "</div>"
      ],
      "text/plain": [
       "   PassengerId  Survived  Pclass  \\\n",
       "0            1         0       3   \n",
       "1            2         1       1   \n",
       "2            3         1       3   \n",
       "3            4         1       1   \n",
       "4            5         0       3   \n",
       "\n",
       "                                                Name  Sex   Age  SibSp  Parch  \\\n",
       "0                            Braund, Mr. Owen Harris    0  22.0      1      0   \n",
       "1  Cumings, Mrs. John Bradley (Florence Briggs Th...    1  38.0      1      0   \n",
       "2                             Heikkinen, Miss. Laina    1  26.0      0      0   \n",
       "3       Futrelle, Mrs. Jacques Heath (Lily May Peel)    1  35.0      1      0   \n",
       "4                           Allen, Mr. William Henry    0  35.0      0      0   \n",
       "\n",
       "             Ticket     Fare Cabin Embarked  \n",
       "0         A/5 21171   7.2500   NaN        S  \n",
       "1          PC 17599  71.2833   C85        C  \n",
       "2  STON/O2. 3101282   7.9250   NaN        S  \n",
       "3            113803  53.1000  C123        S  \n",
       "4            373450   8.0500   NaN        S  "
      ]
     },
     "execution_count": 289,
     "metadata": {},
     "output_type": "execute_result"
    }
   ],
   "source": [
    "df['Sex']=df['Sex'].isin(['female']).astype(int)\n",
    "df.head()"
   ]
  },
  {
   "cell_type": "code",
   "execution_count": 290,
   "id": "56259a6e",
   "metadata": {},
   "outputs": [
    {
     "data": {
      "text/plain": [
       "array(['N', 'C', 'E', 'G', 'D', 'A', 'B', 'F', 'T'], dtype=object)"
      ]
     },
     "execution_count": 290,
     "metadata": {},
     "output_type": "execute_result"
    }
   ],
   "source": [
    "df['Cabin']=df['Cabin'].replace(np.nan,'N',regex=True)\n",
    "df['Cabin']=df['Cabin'].str[0:1]\n",
    "df['Cabin'].unique()"
   ]
  },
  {
   "cell_type": "code",
   "execution_count": 291,
   "id": "cd402ddb",
   "metadata": {},
   "outputs": [
    {
     "data": {
      "text/html": [
       "<div>\n",
       "<style scoped>\n",
       "    .dataframe tbody tr th:only-of-type {\n",
       "        vertical-align: middle;\n",
       "    }\n",
       "\n",
       "    .dataframe tbody tr th {\n",
       "        vertical-align: top;\n",
       "    }\n",
       "\n",
       "    .dataframe thead th {\n",
       "        text-align: right;\n",
       "    }\n",
       "</style>\n",
       "<table border=\"1\" class=\"dataframe\">\n",
       "  <thead>\n",
       "    <tr style=\"text-align: right;\">\n",
       "      <th></th>\n",
       "      <th>Survived</th>\n",
       "      <th>Pclass</th>\n",
       "      <th>Sex</th>\n",
       "      <th>Age</th>\n",
       "      <th>SibSp</th>\n",
       "      <th>Parch</th>\n",
       "      <th>Fare</th>\n",
       "      <th>Cabin</th>\n",
       "      <th>Embarked</th>\n",
       "    </tr>\n",
       "  </thead>\n",
       "  <tbody>\n",
       "    <tr>\n",
       "      <th>0</th>\n",
       "      <td>0</td>\n",
       "      <td>3</td>\n",
       "      <td>0</td>\n",
       "      <td>22.0</td>\n",
       "      <td>1</td>\n",
       "      <td>0</td>\n",
       "      <td>7.2500</td>\n",
       "      <td>N</td>\n",
       "      <td>S</td>\n",
       "    </tr>\n",
       "    <tr>\n",
       "      <th>1</th>\n",
       "      <td>1</td>\n",
       "      <td>1</td>\n",
       "      <td>1</td>\n",
       "      <td>38.0</td>\n",
       "      <td>1</td>\n",
       "      <td>0</td>\n",
       "      <td>71.2833</td>\n",
       "      <td>C</td>\n",
       "      <td>C</td>\n",
       "    </tr>\n",
       "    <tr>\n",
       "      <th>2</th>\n",
       "      <td>1</td>\n",
       "      <td>3</td>\n",
       "      <td>1</td>\n",
       "      <td>26.0</td>\n",
       "      <td>0</td>\n",
       "      <td>0</td>\n",
       "      <td>7.9250</td>\n",
       "      <td>N</td>\n",
       "      <td>S</td>\n",
       "    </tr>\n",
       "    <tr>\n",
       "      <th>3</th>\n",
       "      <td>1</td>\n",
       "      <td>1</td>\n",
       "      <td>1</td>\n",
       "      <td>35.0</td>\n",
       "      <td>1</td>\n",
       "      <td>0</td>\n",
       "      <td>53.1000</td>\n",
       "      <td>C</td>\n",
       "      <td>S</td>\n",
       "    </tr>\n",
       "    <tr>\n",
       "      <th>4</th>\n",
       "      <td>0</td>\n",
       "      <td>3</td>\n",
       "      <td>0</td>\n",
       "      <td>35.0</td>\n",
       "      <td>0</td>\n",
       "      <td>0</td>\n",
       "      <td>8.0500</td>\n",
       "      <td>N</td>\n",
       "      <td>S</td>\n",
       "    </tr>\n",
       "  </tbody>\n",
       "</table>\n",
       "</div>"
      ],
      "text/plain": [
       "   Survived  Pclass  Sex   Age  SibSp  Parch     Fare Cabin Embarked\n",
       "0         0       3    0  22.0      1      0   7.2500     N        S\n",
       "1         1       1    1  38.0      1      0  71.2833     C        C\n",
       "2         1       3    1  26.0      0      0   7.9250     N        S\n",
       "3         1       1    1  35.0      1      0  53.1000     C        S\n",
       "4         0       3    0  35.0      0      0   8.0500     N        S"
      ]
     },
     "execution_count": 291,
     "metadata": {},
     "output_type": "execute_result"
    }
   ],
   "source": [
    "df=df.drop(['PassengerId','Name','Ticket'],axis=1)\n",
    "df.head()"
   ]
  },
  {
   "cell_type": "code",
   "execution_count": 292,
   "id": "25facdb1",
   "metadata": {},
   "outputs": [
    {
     "data": {
      "text/html": [
       "<div>\n",
       "<style scoped>\n",
       "    .dataframe tbody tr th:only-of-type {\n",
       "        vertical-align: middle;\n",
       "    }\n",
       "\n",
       "    .dataframe tbody tr th {\n",
       "        vertical-align: top;\n",
       "    }\n",
       "\n",
       "    .dataframe thead th {\n",
       "        text-align: right;\n",
       "    }\n",
       "</style>\n",
       "<table border=\"1\" class=\"dataframe\">\n",
       "  <thead>\n",
       "    <tr style=\"text-align: right;\">\n",
       "      <th></th>\n",
       "      <th>Survived</th>\n",
       "      <th>Pclass</th>\n",
       "      <th>Sex</th>\n",
       "      <th>Age</th>\n",
       "      <th>SibSp</th>\n",
       "      <th>Parch</th>\n",
       "      <th>Fare</th>\n",
       "      <th>Cabin_A</th>\n",
       "      <th>Cabin_B</th>\n",
       "      <th>Cabin_C</th>\n",
       "      <th>Cabin_D</th>\n",
       "      <th>Cabin_E</th>\n",
       "      <th>Cabin_F</th>\n",
       "      <th>Cabin_G</th>\n",
       "      <th>Cabin_N</th>\n",
       "      <th>Cabin_T</th>\n",
       "      <th>Embarked_C</th>\n",
       "      <th>Embarked_Q</th>\n",
       "      <th>Embarked_S</th>\n",
       "    </tr>\n",
       "  </thead>\n",
       "  <tbody>\n",
       "    <tr>\n",
       "      <th>Survived</th>\n",
       "      <td>1.000000</td>\n",
       "      <td>-0.338481</td>\n",
       "      <td>0.543351</td>\n",
       "      <td>-0.077221</td>\n",
       "      <td>-0.035322</td>\n",
       "      <td>0.081629</td>\n",
       "      <td>0.257307</td>\n",
       "      <td>0.022287</td>\n",
       "      <td>0.175095</td>\n",
       "      <td>0.114652</td>\n",
       "      <td>0.150716</td>\n",
       "      <td>0.145321</td>\n",
       "      <td>0.057935</td>\n",
       "      <td>0.016040</td>\n",
       "      <td>-0.316912</td>\n",
       "      <td>-0.026456</td>\n",
       "      <td>0.168240</td>\n",
       "      <td>0.003650</td>\n",
       "      <td>-0.155660</td>\n",
       "    </tr>\n",
       "    <tr>\n",
       "      <th>Pclass</th>\n",
       "      <td>-0.338481</td>\n",
       "      <td>1.000000</td>\n",
       "      <td>-0.131900</td>\n",
       "      <td>-0.369226</td>\n",
       "      <td>0.083081</td>\n",
       "      <td>0.018443</td>\n",
       "      <td>-0.549500</td>\n",
       "      <td>-0.204934</td>\n",
       "      <td>-0.369572</td>\n",
       "      <td>-0.417048</td>\n",
       "      <td>-0.278690</td>\n",
       "      <td>-0.230091</td>\n",
       "      <td>0.011063</td>\n",
       "      <td>0.055561</td>\n",
       "      <td>0.725541</td>\n",
       "      <td>-0.052496</td>\n",
       "      <td>-0.243292</td>\n",
       "      <td>0.221009</td>\n",
       "      <td>0.081720</td>\n",
       "    </tr>\n",
       "    <tr>\n",
       "      <th>Sex</th>\n",
       "      <td>0.543351</td>\n",
       "      <td>-0.131900</td>\n",
       "      <td>1.000000</td>\n",
       "      <td>-0.093254</td>\n",
       "      <td>0.114631</td>\n",
       "      <td>0.245489</td>\n",
       "      <td>0.182333</td>\n",
       "      <td>-0.078271</td>\n",
       "      <td>0.109689</td>\n",
       "      <td>0.058649</td>\n",
       "      <td>0.079248</td>\n",
       "      <td>0.047003</td>\n",
       "      <td>0.008202</td>\n",
       "      <td>0.091031</td>\n",
       "      <td>-0.140391</td>\n",
       "      <td>-0.024728</td>\n",
       "      <td>0.082853</td>\n",
       "      <td>0.074115</td>\n",
       "      <td>-0.125722</td>\n",
       "    </tr>\n",
       "    <tr>\n",
       "      <th>Age</th>\n",
       "      <td>-0.077221</td>\n",
       "      <td>-0.369226</td>\n",
       "      <td>-0.093254</td>\n",
       "      <td>1.000000</td>\n",
       "      <td>-0.308247</td>\n",
       "      <td>-0.189119</td>\n",
       "      <td>0.096067</td>\n",
       "      <td>0.136309</td>\n",
       "      <td>0.093914</td>\n",
       "      <td>0.122041</td>\n",
       "      <td>0.136975</td>\n",
       "      <td>0.121440</td>\n",
       "      <td>-0.083970</td>\n",
       "      <td>-0.077296</td>\n",
       "      <td>-0.249732</td>\n",
       "      <td>0.039474</td>\n",
       "      <td>0.036261</td>\n",
       "      <td>-0.022405</td>\n",
       "      <td>-0.032523</td>\n",
       "    </tr>\n",
       "    <tr>\n",
       "      <th>SibSp</th>\n",
       "      <td>-0.035322</td>\n",
       "      <td>0.083081</td>\n",
       "      <td>0.114631</td>\n",
       "      <td>-0.308247</td>\n",
       "      <td>1.000000</td>\n",
       "      <td>0.414838</td>\n",
       "      <td>0.159651</td>\n",
       "      <td>-0.046266</td>\n",
       "      <td>-0.034538</td>\n",
       "      <td>0.029251</td>\n",
       "      <td>-0.017575</td>\n",
       "      <td>-0.036865</td>\n",
       "      <td>0.001706</td>\n",
       "      <td>-0.001402</td>\n",
       "      <td>0.040460</td>\n",
       "      <td>-0.015907</td>\n",
       "      <td>-0.059528</td>\n",
       "      <td>-0.026354</td>\n",
       "      <td>0.070941</td>\n",
       "    </tr>\n",
       "    <tr>\n",
       "      <th>Parch</th>\n",
       "      <td>0.081629</td>\n",
       "      <td>0.018443</td>\n",
       "      <td>0.245489</td>\n",
       "      <td>-0.189119</td>\n",
       "      <td>0.414838</td>\n",
       "      <td>1.000000</td>\n",
       "      <td>0.216225</td>\n",
       "      <td>-0.040325</td>\n",
       "      <td>0.056498</td>\n",
       "      <td>0.030736</td>\n",
       "      <td>-0.019125</td>\n",
       "      <td>-0.016554</td>\n",
       "      <td>0.023694</td>\n",
       "      <td>0.072388</td>\n",
       "      <td>-0.036987</td>\n",
       "      <td>-0.015878</td>\n",
       "      <td>-0.011069</td>\n",
       "      <td>-0.081228</td>\n",
       "      <td>0.063036</td>\n",
       "    </tr>\n",
       "    <tr>\n",
       "      <th>Fare</th>\n",
       "      <td>0.257307</td>\n",
       "      <td>-0.549500</td>\n",
       "      <td>0.182333</td>\n",
       "      <td>0.096067</td>\n",
       "      <td>0.159651</td>\n",
       "      <td>0.216225</td>\n",
       "      <td>1.000000</td>\n",
       "      <td>0.019549</td>\n",
       "      <td>0.386297</td>\n",
       "      <td>0.364318</td>\n",
       "      <td>0.098878</td>\n",
       "      <td>0.053717</td>\n",
       "      <td>-0.033093</td>\n",
       "      <td>-0.025180</td>\n",
       "      <td>-0.482075</td>\n",
       "      <td>0.002224</td>\n",
       "      <td>0.269335</td>\n",
       "      <td>-0.117216</td>\n",
       "      <td>-0.166603</td>\n",
       "    </tr>\n",
       "    <tr>\n",
       "      <th>Cabin_A</th>\n",
       "      <td>0.022287</td>\n",
       "      <td>-0.204934</td>\n",
       "      <td>-0.078271</td>\n",
       "      <td>0.136309</td>\n",
       "      <td>-0.046266</td>\n",
       "      <td>-0.040325</td>\n",
       "      <td>0.019549</td>\n",
       "      <td>1.000000</td>\n",
       "      <td>-0.030880</td>\n",
       "      <td>-0.034846</td>\n",
       "      <td>-0.025663</td>\n",
       "      <td>-0.025256</td>\n",
       "      <td>-0.015923</td>\n",
       "      <td>-0.008787</td>\n",
       "      <td>-0.240136</td>\n",
       "      <td>-0.004386</td>\n",
       "      <td>0.093040</td>\n",
       "      <td>-0.040246</td>\n",
       "      <td>-0.055383</td>\n",
       "    </tr>\n",
       "    <tr>\n",
       "      <th>Cabin_B</th>\n",
       "      <td>0.175095</td>\n",
       "      <td>-0.369572</td>\n",
       "      <td>0.109689</td>\n",
       "      <td>0.093914</td>\n",
       "      <td>-0.034538</td>\n",
       "      <td>0.056498</td>\n",
       "      <td>0.386297</td>\n",
       "      <td>-0.030880</td>\n",
       "      <td>1.000000</td>\n",
       "      <td>-0.062841</td>\n",
       "      <td>-0.046280</td>\n",
       "      <td>-0.045547</td>\n",
       "      <td>-0.028715</td>\n",
       "      <td>-0.015847</td>\n",
       "      <td>-0.433053</td>\n",
       "      <td>-0.007910</td>\n",
       "      <td>0.168642</td>\n",
       "      <td>-0.072579</td>\n",
       "      <td>-0.123057</td>\n",
       "    </tr>\n",
       "    <tr>\n",
       "      <th>Cabin_C</th>\n",
       "      <td>0.114652</td>\n",
       "      <td>-0.417048</td>\n",
       "      <td>0.058649</td>\n",
       "      <td>0.122041</td>\n",
       "      <td>0.029251</td>\n",
       "      <td>0.030736</td>\n",
       "      <td>0.364318</td>\n",
       "      <td>-0.034846</td>\n",
       "      <td>-0.062841</td>\n",
       "      <td>1.000000</td>\n",
       "      <td>-0.052225</td>\n",
       "      <td>-0.051398</td>\n",
       "      <td>-0.032403</td>\n",
       "      <td>-0.017883</td>\n",
       "      <td>-0.488683</td>\n",
       "      <td>-0.008926</td>\n",
       "      <td>0.113952</td>\n",
       "      <td>-0.049776</td>\n",
       "      <td>-0.066995</td>\n",
       "    </tr>\n",
       "    <tr>\n",
       "      <th>Cabin_D</th>\n",
       "      <td>0.150716</td>\n",
       "      <td>-0.278690</td>\n",
       "      <td>0.079248</td>\n",
       "      <td>0.136975</td>\n",
       "      <td>-0.017575</td>\n",
       "      <td>-0.019125</td>\n",
       "      <td>0.098878</td>\n",
       "      <td>-0.025663</td>\n",
       "      <td>-0.046280</td>\n",
       "      <td>-0.052225</td>\n",
       "      <td>1.000000</td>\n",
       "      <td>-0.037852</td>\n",
       "      <td>-0.023864</td>\n",
       "      <td>-0.013170</td>\n",
       "      <td>-0.359896</td>\n",
       "      <td>-0.006574</td>\n",
       "      <td>0.102977</td>\n",
       "      <td>-0.060318</td>\n",
       "      <td>-0.051139</td>\n",
       "    </tr>\n",
       "    <tr>\n",
       "      <th>Cabin_E</th>\n",
       "      <td>0.145321</td>\n",
       "      <td>-0.230091</td>\n",
       "      <td>0.047003</td>\n",
       "      <td>0.121440</td>\n",
       "      <td>-0.036865</td>\n",
       "      <td>-0.016554</td>\n",
       "      <td>0.053717</td>\n",
       "      <td>-0.025256</td>\n",
       "      <td>-0.045547</td>\n",
       "      <td>-0.051398</td>\n",
       "      <td>-0.037852</td>\n",
       "      <td>1.000000</td>\n",
       "      <td>-0.023486</td>\n",
       "      <td>-0.012961</td>\n",
       "      <td>-0.354194</td>\n",
       "      <td>-0.006470</td>\n",
       "      <td>-0.015939</td>\n",
       "      <td>-0.037897</td>\n",
       "      <td>0.038685</td>\n",
       "    </tr>\n",
       "    <tr>\n",
       "      <th>Cabin_F</th>\n",
       "      <td>0.057935</td>\n",
       "      <td>0.011063</td>\n",
       "      <td>0.008202</td>\n",
       "      <td>-0.083970</td>\n",
       "      <td>0.001706</td>\n",
       "      <td>0.023694</td>\n",
       "      <td>-0.033093</td>\n",
       "      <td>-0.015923</td>\n",
       "      <td>-0.028715</td>\n",
       "      <td>-0.032403</td>\n",
       "      <td>-0.023864</td>\n",
       "      <td>-0.023486</td>\n",
       "      <td>1.000000</td>\n",
       "      <td>-0.008171</td>\n",
       "      <td>-0.223299</td>\n",
       "      <td>-0.004079</td>\n",
       "      <td>-0.034726</td>\n",
       "      <td>-0.004113</td>\n",
       "      <td>0.033537</td>\n",
       "    </tr>\n",
       "    <tr>\n",
       "      <th>Cabin_G</th>\n",
       "      <td>0.016040</td>\n",
       "      <td>0.055561</td>\n",
       "      <td>0.091031</td>\n",
       "      <td>-0.077296</td>\n",
       "      <td>-0.001402</td>\n",
       "      <td>0.072388</td>\n",
       "      <td>-0.025180</td>\n",
       "      <td>-0.008787</td>\n",
       "      <td>-0.015847</td>\n",
       "      <td>-0.017883</td>\n",
       "      <td>-0.013170</td>\n",
       "      <td>-0.012961</td>\n",
       "      <td>-0.008171</td>\n",
       "      <td>1.000000</td>\n",
       "      <td>-0.123234</td>\n",
       "      <td>-0.002251</td>\n",
       "      <td>-0.032371</td>\n",
       "      <td>-0.020654</td>\n",
       "      <td>0.041589</td>\n",
       "    </tr>\n",
       "    <tr>\n",
       "      <th>Cabin_N</th>\n",
       "      <td>-0.316912</td>\n",
       "      <td>0.725541</td>\n",
       "      <td>-0.140391</td>\n",
       "      <td>-0.249732</td>\n",
       "      <td>0.040460</td>\n",
       "      <td>-0.036987</td>\n",
       "      <td>-0.482075</td>\n",
       "      <td>-0.240136</td>\n",
       "      <td>-0.433053</td>\n",
       "      <td>-0.488683</td>\n",
       "      <td>-0.359896</td>\n",
       "      <td>-0.354194</td>\n",
       "      <td>-0.223299</td>\n",
       "      <td>-0.123234</td>\n",
       "      <td>1.000000</td>\n",
       "      <td>-0.061513</td>\n",
       "      <td>-0.208528</td>\n",
       "      <td>0.129572</td>\n",
       "      <td>0.110087</td>\n",
       "    </tr>\n",
       "    <tr>\n",
       "      <th>Cabin_T</th>\n",
       "      <td>-0.026456</td>\n",
       "      <td>-0.052496</td>\n",
       "      <td>-0.024728</td>\n",
       "      <td>0.039474</td>\n",
       "      <td>-0.015907</td>\n",
       "      <td>-0.015878</td>\n",
       "      <td>0.002224</td>\n",
       "      <td>-0.004386</td>\n",
       "      <td>-0.007910</td>\n",
       "      <td>-0.008926</td>\n",
       "      <td>-0.006574</td>\n",
       "      <td>-0.006470</td>\n",
       "      <td>-0.004079</td>\n",
       "      <td>-0.002251</td>\n",
       "      <td>-0.061513</td>\n",
       "      <td>1.000000</td>\n",
       "      <td>-0.016158</td>\n",
       "      <td>-0.010310</td>\n",
       "      <td>0.020759</td>\n",
       "    </tr>\n",
       "    <tr>\n",
       "      <th>Embarked_C</th>\n",
       "      <td>0.168240</td>\n",
       "      <td>-0.243292</td>\n",
       "      <td>0.082853</td>\n",
       "      <td>0.036261</td>\n",
       "      <td>-0.059528</td>\n",
       "      <td>-0.011069</td>\n",
       "      <td>0.269335</td>\n",
       "      <td>0.093040</td>\n",
       "      <td>0.168642</td>\n",
       "      <td>0.113952</td>\n",
       "      <td>0.102977</td>\n",
       "      <td>-0.015939</td>\n",
       "      <td>-0.034726</td>\n",
       "      <td>-0.032371</td>\n",
       "      <td>-0.208528</td>\n",
       "      <td>-0.016158</td>\n",
       "      <td>1.000000</td>\n",
       "      <td>-0.148258</td>\n",
       "      <td>-0.778359</td>\n",
       "    </tr>\n",
       "    <tr>\n",
       "      <th>Embarked_Q</th>\n",
       "      <td>0.003650</td>\n",
       "      <td>0.221009</td>\n",
       "      <td>0.074115</td>\n",
       "      <td>-0.022405</td>\n",
       "      <td>-0.026354</td>\n",
       "      <td>-0.081228</td>\n",
       "      <td>-0.117216</td>\n",
       "      <td>-0.040246</td>\n",
       "      <td>-0.072579</td>\n",
       "      <td>-0.049776</td>\n",
       "      <td>-0.060318</td>\n",
       "      <td>-0.037897</td>\n",
       "      <td>-0.004113</td>\n",
       "      <td>-0.020654</td>\n",
       "      <td>0.129572</td>\n",
       "      <td>-0.010310</td>\n",
       "      <td>-0.148258</td>\n",
       "      <td>1.000000</td>\n",
       "      <td>-0.496624</td>\n",
       "    </tr>\n",
       "    <tr>\n",
       "      <th>Embarked_S</th>\n",
       "      <td>-0.155660</td>\n",
       "      <td>0.081720</td>\n",
       "      <td>-0.125722</td>\n",
       "      <td>-0.032523</td>\n",
       "      <td>0.070941</td>\n",
       "      <td>0.063036</td>\n",
       "      <td>-0.166603</td>\n",
       "      <td>-0.055383</td>\n",
       "      <td>-0.123057</td>\n",
       "      <td>-0.066995</td>\n",
       "      <td>-0.051139</td>\n",
       "      <td>0.038685</td>\n",
       "      <td>0.033537</td>\n",
       "      <td>0.041589</td>\n",
       "      <td>0.110087</td>\n",
       "      <td>0.020759</td>\n",
       "      <td>-0.778359</td>\n",
       "      <td>-0.496624</td>\n",
       "      <td>1.000000</td>\n",
       "    </tr>\n",
       "  </tbody>\n",
       "</table>\n",
       "</div>"
      ],
      "text/plain": [
       "            Survived    Pclass       Sex       Age     SibSp     Parch  \\\n",
       "Survived    1.000000 -0.338481  0.543351 -0.077221 -0.035322  0.081629   \n",
       "Pclass     -0.338481  1.000000 -0.131900 -0.369226  0.083081  0.018443   \n",
       "Sex         0.543351 -0.131900  1.000000 -0.093254  0.114631  0.245489   \n",
       "Age        -0.077221 -0.369226 -0.093254  1.000000 -0.308247 -0.189119   \n",
       "SibSp      -0.035322  0.083081  0.114631 -0.308247  1.000000  0.414838   \n",
       "Parch       0.081629  0.018443  0.245489 -0.189119  0.414838  1.000000   \n",
       "Fare        0.257307 -0.549500  0.182333  0.096067  0.159651  0.216225   \n",
       "Cabin_A     0.022287 -0.204934 -0.078271  0.136309 -0.046266 -0.040325   \n",
       "Cabin_B     0.175095 -0.369572  0.109689  0.093914 -0.034538  0.056498   \n",
       "Cabin_C     0.114652 -0.417048  0.058649  0.122041  0.029251  0.030736   \n",
       "Cabin_D     0.150716 -0.278690  0.079248  0.136975 -0.017575 -0.019125   \n",
       "Cabin_E     0.145321 -0.230091  0.047003  0.121440 -0.036865 -0.016554   \n",
       "Cabin_F     0.057935  0.011063  0.008202 -0.083970  0.001706  0.023694   \n",
       "Cabin_G     0.016040  0.055561  0.091031 -0.077296 -0.001402  0.072388   \n",
       "Cabin_N    -0.316912  0.725541 -0.140391 -0.249732  0.040460 -0.036987   \n",
       "Cabin_T    -0.026456 -0.052496 -0.024728  0.039474 -0.015907 -0.015878   \n",
       "Embarked_C  0.168240 -0.243292  0.082853  0.036261 -0.059528 -0.011069   \n",
       "Embarked_Q  0.003650  0.221009  0.074115 -0.022405 -0.026354 -0.081228   \n",
       "Embarked_S -0.155660  0.081720 -0.125722 -0.032523  0.070941  0.063036   \n",
       "\n",
       "                Fare   Cabin_A   Cabin_B   Cabin_C   Cabin_D   Cabin_E  \\\n",
       "Survived    0.257307  0.022287  0.175095  0.114652  0.150716  0.145321   \n",
       "Pclass     -0.549500 -0.204934 -0.369572 -0.417048 -0.278690 -0.230091   \n",
       "Sex         0.182333 -0.078271  0.109689  0.058649  0.079248  0.047003   \n",
       "Age         0.096067  0.136309  0.093914  0.122041  0.136975  0.121440   \n",
       "SibSp       0.159651 -0.046266 -0.034538  0.029251 -0.017575 -0.036865   \n",
       "Parch       0.216225 -0.040325  0.056498  0.030736 -0.019125 -0.016554   \n",
       "Fare        1.000000  0.019549  0.386297  0.364318  0.098878  0.053717   \n",
       "Cabin_A     0.019549  1.000000 -0.030880 -0.034846 -0.025663 -0.025256   \n",
       "Cabin_B     0.386297 -0.030880  1.000000 -0.062841 -0.046280 -0.045547   \n",
       "Cabin_C     0.364318 -0.034846 -0.062841  1.000000 -0.052225 -0.051398   \n",
       "Cabin_D     0.098878 -0.025663 -0.046280 -0.052225  1.000000 -0.037852   \n",
       "Cabin_E     0.053717 -0.025256 -0.045547 -0.051398 -0.037852  1.000000   \n",
       "Cabin_F    -0.033093 -0.015923 -0.028715 -0.032403 -0.023864 -0.023486   \n",
       "Cabin_G    -0.025180 -0.008787 -0.015847 -0.017883 -0.013170 -0.012961   \n",
       "Cabin_N    -0.482075 -0.240136 -0.433053 -0.488683 -0.359896 -0.354194   \n",
       "Cabin_T     0.002224 -0.004386 -0.007910 -0.008926 -0.006574 -0.006470   \n",
       "Embarked_C  0.269335  0.093040  0.168642  0.113952  0.102977 -0.015939   \n",
       "Embarked_Q -0.117216 -0.040246 -0.072579 -0.049776 -0.060318 -0.037897   \n",
       "Embarked_S -0.166603 -0.055383 -0.123057 -0.066995 -0.051139  0.038685   \n",
       "\n",
       "             Cabin_F   Cabin_G   Cabin_N   Cabin_T  Embarked_C  Embarked_Q  \\\n",
       "Survived    0.057935  0.016040 -0.316912 -0.026456    0.168240    0.003650   \n",
       "Pclass      0.011063  0.055561  0.725541 -0.052496   -0.243292    0.221009   \n",
       "Sex         0.008202  0.091031 -0.140391 -0.024728    0.082853    0.074115   \n",
       "Age        -0.083970 -0.077296 -0.249732  0.039474    0.036261   -0.022405   \n",
       "SibSp       0.001706 -0.001402  0.040460 -0.015907   -0.059528   -0.026354   \n",
       "Parch       0.023694  0.072388 -0.036987 -0.015878   -0.011069   -0.081228   \n",
       "Fare       -0.033093 -0.025180 -0.482075  0.002224    0.269335   -0.117216   \n",
       "Cabin_A    -0.015923 -0.008787 -0.240136 -0.004386    0.093040   -0.040246   \n",
       "Cabin_B    -0.028715 -0.015847 -0.433053 -0.007910    0.168642   -0.072579   \n",
       "Cabin_C    -0.032403 -0.017883 -0.488683 -0.008926    0.113952   -0.049776   \n",
       "Cabin_D    -0.023864 -0.013170 -0.359896 -0.006574    0.102977   -0.060318   \n",
       "Cabin_E    -0.023486 -0.012961 -0.354194 -0.006470   -0.015939   -0.037897   \n",
       "Cabin_F     1.000000 -0.008171 -0.223299 -0.004079   -0.034726   -0.004113   \n",
       "Cabin_G    -0.008171  1.000000 -0.123234 -0.002251   -0.032371   -0.020654   \n",
       "Cabin_N    -0.223299 -0.123234  1.000000 -0.061513   -0.208528    0.129572   \n",
       "Cabin_T    -0.004079 -0.002251 -0.061513  1.000000   -0.016158   -0.010310   \n",
       "Embarked_C -0.034726 -0.032371 -0.208528 -0.016158    1.000000   -0.148258   \n",
       "Embarked_Q -0.004113 -0.020654  0.129572 -0.010310   -0.148258    1.000000   \n",
       "Embarked_S  0.033537  0.041589  0.110087  0.020759   -0.778359   -0.496624   \n",
       "\n",
       "            Embarked_S  \n",
       "Survived     -0.155660  \n",
       "Pclass        0.081720  \n",
       "Sex          -0.125722  \n",
       "Age          -0.032523  \n",
       "SibSp         0.070941  \n",
       "Parch         0.063036  \n",
       "Fare         -0.166603  \n",
       "Cabin_A      -0.055383  \n",
       "Cabin_B      -0.123057  \n",
       "Cabin_C      -0.066995  \n",
       "Cabin_D      -0.051139  \n",
       "Cabin_E       0.038685  \n",
       "Cabin_F       0.033537  \n",
       "Cabin_G       0.041589  \n",
       "Cabin_N       0.110087  \n",
       "Cabin_T       0.020759  \n",
       "Embarked_C   -0.778359  \n",
       "Embarked_Q   -0.496624  \n",
       "Embarked_S    1.000000  "
      ]
     },
     "execution_count": 292,
     "metadata": {},
     "output_type": "execute_result"
    }
   ],
   "source": [
    "df=pd.get_dummies(df)\n",
    "df.corr()"
   ]
  },
  {
   "cell_type": "code",
   "execution_count": 293,
   "id": "451a15b8",
   "metadata": {},
   "outputs": [
    {
     "data": {
      "text/plain": [
       "['Survived',\n",
       " 'Pclass',\n",
       " 'Sex',\n",
       " 'Age',\n",
       " 'SibSp',\n",
       " 'Parch',\n",
       " 'Fare',\n",
       " 'Cabin_A',\n",
       " 'Cabin_B',\n",
       " 'Cabin_C',\n",
       " 'Cabin_D',\n",
       " 'Cabin_E',\n",
       " 'Cabin_F',\n",
       " 'Cabin_G',\n",
       " 'Cabin_N',\n",
       " 'Cabin_T',\n",
       " 'Embarked_C',\n",
       " 'Embarked_Q',\n",
       " 'Embarked_S']"
      ]
     },
     "execution_count": 293,
     "metadata": {},
     "output_type": "execute_result"
    }
   ],
   "source": [
    "list(df.columns.values)"
   ]
  },
  {
   "cell_type": "code",
   "execution_count": 294,
   "id": "0b1bdf8e",
   "metadata": {},
   "outputs": [
    {
     "data": {
      "text/html": [
       "<div>\n",
       "<style scoped>\n",
       "    .dataframe tbody tr th:only-of-type {\n",
       "        vertical-align: middle;\n",
       "    }\n",
       "\n",
       "    .dataframe tbody tr th {\n",
       "        vertical-align: top;\n",
       "    }\n",
       "\n",
       "    .dataframe thead th {\n",
       "        text-align: right;\n",
       "    }\n",
       "</style>\n",
       "<table border=\"1\" class=\"dataframe\">\n",
       "  <thead>\n",
       "    <tr style=\"text-align: right;\">\n",
       "      <th></th>\n",
       "      <th>Survived</th>\n",
       "      <th>Pclass</th>\n",
       "      <th>Sex</th>\n",
       "      <th>SibSp</th>\n",
       "      <th>Parch</th>\n",
       "      <th>Fare</th>\n",
       "      <th>Cabin_B</th>\n",
       "      <th>Cabin_C</th>\n",
       "      <th>Cabin_D</th>\n",
       "      <th>Cabin_E</th>\n",
       "      <th>Cabin_N</th>\n",
       "      <th>Embarked_C</th>\n",
       "      <th>Embarked_S</th>\n",
       "    </tr>\n",
       "  </thead>\n",
       "  <tbody>\n",
       "    <tr>\n",
       "      <th>0</th>\n",
       "      <td>0</td>\n",
       "      <td>3</td>\n",
       "      <td>0</td>\n",
       "      <td>1</td>\n",
       "      <td>0</td>\n",
       "      <td>7.2500</td>\n",
       "      <td>0</td>\n",
       "      <td>0</td>\n",
       "      <td>0</td>\n",
       "      <td>0</td>\n",
       "      <td>1</td>\n",
       "      <td>0</td>\n",
       "      <td>1</td>\n",
       "    </tr>\n",
       "    <tr>\n",
       "      <th>1</th>\n",
       "      <td>1</td>\n",
       "      <td>1</td>\n",
       "      <td>1</td>\n",
       "      <td>1</td>\n",
       "      <td>0</td>\n",
       "      <td>71.2833</td>\n",
       "      <td>0</td>\n",
       "      <td>1</td>\n",
       "      <td>0</td>\n",
       "      <td>0</td>\n",
       "      <td>0</td>\n",
       "      <td>1</td>\n",
       "      <td>0</td>\n",
       "    </tr>\n",
       "    <tr>\n",
       "      <th>2</th>\n",
       "      <td>1</td>\n",
       "      <td>3</td>\n",
       "      <td>1</td>\n",
       "      <td>0</td>\n",
       "      <td>0</td>\n",
       "      <td>7.9250</td>\n",
